0 0.73046875 0.0109375 0.0828125 0.021875
0 0.19609375 0.0296875 0.08515625 0.059375
0 0.66015625 0.0765625 0.0890625 0.09296875
0 0.96796875 0.30078125 0.0640625 0.11875
0 0.55546875 0.49453125 0.08515625 0.059375
0 0.73828125 0.51484375 0.09609375 0.078125
0 0.11015625 0.59296875 0.1640625 0.175
0 0.871875 0.61328125 0.078125 0.0890625
0 0.41484375 0.7453125 0.06015625 0.13046875
0 0.0796875 0.78828125 0.103125 0.0890625
0 0.92734375 0.82890625 0.1171875 0.07421875
0 0.8609375 0.94609375 0.14921875 0.1078125
0 0.55546875 0.9703125 0.10703125 0.059375