0 0.31171875 0.03515625 0.1390625 0.0703125
0 0.2921875 0.09453125 0.07109375 0.06328125
0 0.7421875 0.28046875 0.053125 0.06328125
0 0.06015625 0.5390625 0.08515625 0.08203125
0 0.28984375 0.69140625 0.08203125 0.04453125
0 0.06796875 0.8421875 0.12109375 0.115625
0 0.553125 0.940625 0.06796875 0.11875
0 0.74375 0.9515625 0.128125 0.0890625
0 0.82421875 0.86796875 0.053125 0.06328125
0 0.425 0.81796875 0.06796875 0.0890625
0 0.6265625 0.5796875 0.0359375 0.0671875
0 0.74375 0.69921875 0.078125 0.05234375