0 0.93046875 0.04453125 0.13203125 0.0890625
0 0.715625 0.1265625 0.08515625 0.096875
0 0.6046875 0.43125 0.078125 0.15625
0 0.628125 0.596875 0.09609375 0.1
0 0.8984375 0.40703125 0.11015625 0.0703125
0 0.83125 0.609375 0.06015625 0.07421875
0 0.50859375 0.47578125 0.08515625 0.07421875
0 0.48203125 0.22890625 0.06796875 0.08515625
0 0.04296875 0.5796875 0.0359375 0.0296875
0 0.203125 0.76953125 0.0640625 0.059375
0 0.421875 0.6484375 0.053125 0.0703125
0 0.3453125 0.45703125 0.04296875 0.0375
0 0.35234375 0.403125 0.08515625 0.0703125
0 0.215625 0.36953125 0.053125 0.03359375