0 0.41484375 0.0109375 0.0890625 0.021875
0 0.07265625 0.0421875 0.1453125 0.084375
0 0.84375 0.08203125 0.1140625 0.11875
0 0.36484375 0.1453125 0.103125 0.11875
0 0.57265625 0.16171875 0.128125 0.1375
0 0.13515625 0.26953125 0.12109375 0.08515625
0 0.6140625 0.36796875 0.08203125 0.10390625
0 0.8859375 0.45546875 0.10703125 0.13046875
0 0.64921875 0.5671875 0.06796875 0.09296875
0 0.10859375 0.67109375 0.1171875 0.115625
0 0.6265625 0.815625 0.10703125 0.12265625
0 0.8109375 0.9828125 0.121875 0.034375