0 0.26484375 0.0765625 0.2171875 0.13046875
0 0.9078125 0.08203125 0.0640625 0.0890625
0 0.97109375 0.2015625 0.0578125 0.1
0 0.11171875 0.22109375 0.06796875 0.08515625
0 0.02109375 0.28203125 0.0421875 0.1703125
0 0.37578125 0.33828125 0.103125 0.13359375
0 0.23984375 0.44609375 0.08203125 0.10390625
0 0.05546875 0.48125 0.11015625 0.08515625
0 0.68125 0.49609375 0.06015625 0.078125
0 0.11171875 0.61875 0.09609375 0.1078125
0 0.57109375 0.73203125 0.06015625 0.05234375
0 0.19609375 0.775 0.0640625 0.06328125
0 0.67109375 0.83671875 0.053125 0.1265625
0 0.43984375 0.88671875 0.0390625 0.0703125
0 0.25234375 0.98125 0.07109375 0.0375