0 0.7828125 0.81015625 0.0640625 0.08203125
0 0.55546875 0.684375 0.04296875 0.05234375
0 0.2328125 0.77109375 0.04609375 0.06328125
0 0.1171875 0.3546875 0.028125 0.040625
0 0.28125 0.4421875 0.0140625 0.02265625
0 0.3828125 0.265625 0.0390625 0.040625
0 0.425 0.37734375 0.03203125 0.040625
0 0.54296875 0.2953125 0.01796875 0.0484375
0 0.5875 0.19921875 0.028125 0.0484375
0 0.640625 0.37578125 0.028125 0.04453125
0 0.48203125 0.4421875 0.0390625 0.02265625
0 0.62421875 0.46484375 0.0390625 0.0296875
0 0.55703125 0.52265625 0.04609375 0.02578125
0 0.26171875 0.59140625 0.0390625 0.0375
0 0.49453125 0.66015625 0.05 0.05546875
0 0.41484375 0.70078125 0.025 0.02578125
0 0.446875 0.74921875 0.03203125 0.02578125
0 0.43203125 0.80703125 0.025 0.0296875
0 0.4203125 0.8515625 0.04296875 0.0375
0 0.528125 0.821875 0.04609375 0.05234375
0 0.2171875 0.98515625 0.0359375 0.02265625