0 0.37734375 0.28046875 0.078125 0.09296875
0 0.56796875 0.55 0.06796875 0.05234375
0 0.08515625 0.615625 0.0359375 0.078125
0 0.53046875 0.97578125 0.07109375 0.0484375
0 0.32734375 0.9625 0.05703125 0.0671875
0 0.27578125 0.8421875 0.0390625 0.06328125
0 0.30234375 0.82890625 0.04296875 0.059375
0 0.896875 0.60390625 0.05 0.06328125
0 0.75078125 0.46484375 0.04296875 0.059375
0 0.72578125 0.715625 0.028125 0.05546875
0 0.98203125 0.0390625 0.0359375 0.078125
0 0.0109375 0.665625 0.02109375 0.059375
0 0.74375 0.9125 0.0640625 0.0703125
0 0.2578125 0.17109375 0.06015625 0.0890625